%YAML:1.0
---
image_width: 1920
image_height: 1080
camera_matrix: !!opencv-matrix
   rows: 3
   cols: 3
   dt: d
   data: [ 1.4530588779297182e+03, 0., 9.4903379319212081e+02, 0.,
       1.4392306778947391e+03, 4.9023309257737696e+02, 0., 0., 1. ]
distortion_coefficients: !!opencv-matrix
   rows: 1
   cols: 5
   dt: d
   data: [ -9.5621464507204115e-02, 2.8180333352274023e-01,
       -2.8910684106098431e-03, -2.4006837088216978e-03,
       1.2761149666291807e+00 ]
