%YAML:1.0
---
image_width: 1280
image_height: 720
camera_matrix: !!opencv-matrix
   rows: 3
   cols: 3
   dt: d
   data: [ 6.4532129792679552e+02, 0., 6.2152330848977613e+02, 0.,
       6.4095644653280237e+02, 3.3493518125839267e+02, 0., 0., 1. ]
distortion_coefficients: !!opencv-matrix
   rows: 1
   cols: 5
   dt: d
   data: [ -3.7432160753418091e-02, 3.8493028409340532e-02,
       -3.4973665661217866e-03, -3.1537012692074782e-04,
       -4.9926854385880905e-03 ]
