image_width: 640
image_height: 480
camera_name: usb_cam
camera_matrix:
  rows: 3
  cols: 3
  data: [ 486.837, 0.000, 309.322, 0.000, 487.707, 219.799, 0.000, 0.000, 1.000]
distortion_model: plumb_bob
distortion_coefficients:
  rows: 1
  cols: 5
  data: [-0.398227, 0.296345, 0.00174108, 0.00142917, -0.181816 ]
rectification_matrix:
  rows: 3
  cols: 3
  data: [1.000000, 0.000000, 0.000000, 0.000000, 1.000000, 0.000000, 0.000000, 0.000000, 1.000000]
projection_matrix:
  rows: 3
  cols: 4
  data: [784.716003, 0.000000, 357.960456, 0.000000, 0.000000, 790.057190, 257.802062, 0.000000, 0.000000, 0.000000, 1.000000, 0.000000]
