%YAML:1.0
---
image_width: 640
image_height: 480
camera_matrix: !!opencv-matrix
   rows: 3
   cols: 3
   dt: d
   data: [ 3.7445237859078384e+02, 0., 3.1027362164654022e+02, 0.,
       3.7600972966983062e+02, 2.4077225806742982e+02, 0., 0., 1. ]
distortion_coefficients: !!opencv-matrix
   rows: 1
   cols: 5
   dt: d
   data: [ -7.8146919125325204e-02, 1.0477212308762705e-01,
       -2.6643243173416812e-03, 6.8286730246552971e-04,
       -5.4683078800282670e-02 ]
